1. 43, 80
2. 91, 127
3. 138, 173
4. 183, 222
5. 237, 276
6. 290, 325
7. 337, 372
8. 385, 422
9. 434, 483
10. 496, 533
11. 552, 583
12. 596, 641
13. 655, 695
14. 708, 747
15. 759, 795
16. 805, 847
17. 860, 904
18. 935, 966
19. 977, 1012
20. 1026, 1058
21. 1072, 1099
22. 1113, 1157
23. 1171, 1210
24. 1220, 1282
25. 1295, 1339
26. 1367, 1399
27. 1410, 1445
28. 1461, 1495
29. 1510, 1543
30. 1557, 1590
31. 1604, 1644
32. 1657, 1695
33. 1708, 1749
34. 1762, 1802
35. 1828, 1857
36. 1870, 1910
37. 1924, 1961
38. 1976, 2012
39. 2026, 2064
40. 2078, 2115
41. 2144, 2168
42. 2184, 2224
43. 2238, 2280
44. 2293, 2332
45. 2344, 2382
46. 2396, 2434
47. 2449, 2484
48. 2499, 2533
49. 2546, 2581
50. 2594, 2637
51. 2651, 2699
52. 2713, 2756
53. 2769, 2799
54. 2814, 2854
55. 2866, 2904
56. 2915, 2957
57. 2968, 3007
58. 3022, 3059
59. 3072, 3107
60. 3121, 3161
61. 3175, 3209
62. 3222, 3267
63. 3278, 3317
64. 3335, 3374
65. 3389, 3428
66. 3440, 3473
67. 3486, 3528
68. 3539, 3580
69. 3591, 3627
70. 3642, 3681
71. 3693, 3726
72. 3745, 3792
73. 3806, 3852
74. 3866, 3909
75. 3922, 3961
76. 3974, 4016
77. 4029, 4075
78. 4088, 4128
79. 4142, 4187
80. 4199, 4229
81. 4241, 4280
82. 4293, 4340
83. 4352, 4404
84. 4416, 4457
85. 4468, 4510
86. 4525, 4566
87. 4577, 4616
88. 4629, 4670
89. 4681, 4721
90. 4733, 4778
91. 4788, 4817
92. 4828, 4867
93. 4883, 4919
94. 4931, 4964
95. 4980, 5016
96. 5029, 5072
97. 5080, 5122
98. 5145, 5176
99. 5188, 5230
100. 5240, 5273
101. 5284, 5316
102. 5330, 5374
103. 5387, 5422
104. 5434, 5460
105. 5473, 5509
106. 5522, 5559
107. 5571, 5606
108. 5620, 5663
109. 5674, 5718
110. 5744, 5774
111. 5789, 5826
112. 5841, 5882
