1. 79, 120
2. 127, 164
3. 172, 215
4. 223, 262
5. 272, 309
6. 321, 353
7. 363, 402
8. 408, 450
9. 462, 501
10. 510, 536
11. 546, 586
12. 598, 629
13. 638, 666
14. 675, 710
15. 720, 750
16. 764, 798
17. 809, 842
18. 851, 888
19. 894, 935
20. 959, 983
21. 993, 1028
22. 1032, 1077
23. 1087, 1121
24. 1130, 1166
25. 1178, 1219
26. 1228, 1264
27. 1273, 1301
28. 1313, 1351
29. 1376, 1394
30. 1407, 1448
31. 1457, 1492
32. 1500, 1538
33. 1551, 1589
34. 1597, 1640
35. 1651, 1687
36. 1699, 1732
37. 1745, 1784
38. 1795, 1833
39. 1843, 1877
40. 1885, 1918
41. 1929, 1971
42. 1982, 2016
43. 2024, 2057
44. 2069, 2115
45. 2125, 2159
46. 2170, 2206
47. 2214, 2260
48. 2272, 2306
49. 2319, 2354
50. 2365, 2397
51. 2406, 2436
52. 2449, 2482
53. 2495, 2532
54. 2542, 2574
55. 2583, 2614
56. 2624, 2661
57. 2670, 2700
58. 2712, 2757
59. 2768, 2811
60. 2823, 2859
61. 2869, 2905
62. 2916, 2964
63. 2978, 3012
64. 3026, 3065
65. 3077, 3107
66. 3118, 3158
67. 3171, 3209
68. 3220, 3259
69. 3270, 3306
70. 3318, 3360
71. 3370, 3404
72. 3415, 3455
73. 3462, 3500
74. 3510, 3545
75. 3555, 3591
76. 3601, 3640
77. 3652, 3690
78. 3701, 3730
79. 3742, 3777
80. 3786, 3829
81. 3841, 3877
82. 3890, 3924
83. 3934, 3992
84. 4002, 4040
85. 4048, 4085
86. 4094, 4132
87. 4140, 4170
88. 4178, 4218
89. 4229, 4263
90. 4272, 4305
91. 4314, 4347
92. 4356, 4390
93. 4400, 4436
94. 4448, 4481
95. 4492, 4555
96. 4567, 4609
97. 4617, 4647
98. 4656, 4689
99. 4701, 4731
100. 4741, 4777
101. 4785, 4849
102. 4860, 4901
103. 4911, 4945
104. 4954, 4989
105. 4999, 5033
106. 5042, 5077
107. 5088, 5121
108. 5130, 5163
109. 5173, 5210
110. 5221, 5261
111. 5273, 5307
112. 5317, 5358
113. 5368, 5396
114. 5398, 5444
